0.28 1.31 -6.2 1
0.07 0.58 -0.78 1
1.54 2.01 -1.63 1
-0.44 1.18 -4.32 1
-0.81 0.21 5.73 1
1.52 3.16 2.77 1
2.2 2.42 -0.19 1
0.91 1.94 6.21 1
0.65 1.93 4.38 1
-0.26 0.82 -0.96 1
0.011 1.03 -0.21 2
1.27 1.28 0.08 2
0.13 3.12 0.16 2
-0.21 1.23 -0.11 2
-2.18 1.39 -0.19 2
0.34 1.96 -0.16 2
-1.38 0.94 0.45 2
-0.12 0.82 0.17 2
-1.44 2.31 0.14 2
0.26 1.94 0.08 2
1.36 2.17 0.14 3
1.41 1.45 -0.38 3
1.22 0.99 0.69 3
2.46 2.19 1.31 3
0.68 0.79 0.87 3
2.51 3.22 1.35 3
0.6 2.44 0.92 3
0.64 0.13 0.97 3
0.85 0.58 0.99 3
0.66 0.51 0.88 3